{
	"configuration" : 	{
		"default_parameters" : 		{
			"absolute_regularization" : 0.001,
			"covariance_mode" : 0,
			"gaussians" : 16,
			"relative_regularization" : 0.01
		}
,
		"multiClass_regression_estimator" : 0,
		"multithreading" : 2
	}
,
	"models" : [ 		{
			"components" : [ 				{
					"bimodal" : 0,
					"covariance" : [ 13.931469630404909, 0.004026557839814, 0.241464684930041, 0.149224026080299, 0.321065078868731, 0.113951282953967, 0.203701797570057, -0.307117203218056, -0.021185083190816, -0.058848316492771, -0.021325694749691, -0.16375876680976, -0.029832228548943, 0.004026557839814, 0.135995229784035, 0.012629959006627, -0.008204346805025, -0.037029712254304, -0.010930054492939, -0.0177616868089, -0.085939877566108, -0.030400757895236, -0.037176250555615, -0.009644671927236, -0.014759217749018, 0.005885408860816, 0.241464684930041, 0.012629959006627, 0.048663803314869, 0.012377692481493, -0.012274351155668, 0.003864653144443, 0.046202680129929, -0.022817611430231, -0.006910326696473, -0.019183125164953, -0.001211056608622, -0.00101828679784, 0.000741313295941, 0.149224026080299, -0.008204346805025, 0.012377692481493, 0.010285656141472, 0.016833267417698, 0.008158307340879, 0.017253310803725, -0.005869446920334, 0.006415744670348, -0.010170247357769, 0.001165744030615, 0.002999878477214, 0.001328280392296, 0.321065078868731, -0.037029712254304, -0.012274351155668, 0.016833267417698, 0.096593278909356, 0.024330025803412, 0.001701639069739, -0.018673266498464, 0.021182623719698, -0.019391754642538, -0.004422512823019, -0.008647333472741, -0.000994862062273, 0.113951282953967, -0.010930054492939, 0.003864653144443, 0.008158307340879, 0.024330025803412, 0.013026884142948, 0.013624925469126, -0.001549063465574, 0.009191445072809, -0.010235089568509, 0.003480914132685, 0.008460917904851, 0.003640204841476, 0.203701797570057, -0.0177616868089, 0.046202680129929, 0.017253310803725, 0.001701639069739, 0.013624925469126, 0.071758191020198, -0.002229239275856, -0.003904587068604, -0.02096577134188, 0.00560873390057, 0.017860247852833, 0.00586048569942, -0.307117203218056, -0.085939877566108, -0.022817611430231, -0.005869446920334, -0.018673266498464, -0.001549063465574, -0.002229239275856, 0.115650624341127, 0.018195278125751, 0.026983229850081, 0.015791968242568, 0.029626539599063, 0.001760301758837, -0.021185083190816, -0.030400757895236, -0.006910326696473, 0.006415744670348, 0.021182623719698, 0.009191445072809, -0.003904587068604, 0.018195278125751, 0.035360763075779, 0.002805568808465, 0.007881704349392, 0.014099524197472, 0.001735155238364, -0.058848316492771, -0.037176250555615, -0.019183125164953, -0.010170247357769, -0.019391754642538, -0.010235089568509, -0.02096577134188, 0.026983229850081, 0.002805568808465, 0.063407865842573, 0.005924968957443, -0.001823507756281, -0.0050142495942, -0.021325694749691, -0.009644671927236, -0.001211056608622, 0.001165744030615, -0.004422512823019, 0.003480914132685, 0.00560873390057, 0.015791968242568, 0.007881704349392, 0.005924968957443, 0.010042144630228, 0.016034894373107, 0.004502792089409, -0.16375876680976, -0.014759217749018, -0.00101828679784, 0.002999878477214, -0.008647333472741, 0.008460917904851, 0.017860247852833, 0.029626539599063, 0.014099524197472, -0.001823507756281, 0.016034894373107, 0.04116043097126, 0.010908969473657, -0.029832228548943, 0.005885408860816, 0.000741313295941, 0.001328280392296, -0.000994862062273, 0.003640204841476, 0.00586048569942, 0.001760301758837, 0.001735155238364, -0.0050142495942, 0.004502792089409, 0.010908969473657, 0.005889880639861 ],
					"covariance_determinant" : 0.0,
					"covariance_determinant_input" : 0,
					"covariance_mode" : 0,
					"dimension" : 13,
					"dimension_input" : 0,
					"inverse_covariance" : [ 0.107807810333756, -0.318487078956595, -0.611049211898556, -1.125444452076244, -0.363896144099898, -0.804345856659346, 0.235841944025697, -0.170162956766498, 0.445209489028602, -0.369486014177948, -1.146399530979807, 0.53184060426845, 0.89250854350145, -0.318487078956595, 93.070023558396684, -10.839419559421231, 2.576054260144594, 52.277527310639073, -18.298756621258242, 60.656083319710291, 63.280158602760785, 30.93123602904291, 51.935106740255563, -40.400033457482252, 9.860497460664483, -105.23109557290617, -0.611049211898556, -10.839419559421231, 177.565069810667183, -123.556205348457297, 60.941869366429209, 2.60034377677481, -101.909299749799843, 14.935072450241826, -32.773758200579529, 12.829229786384623, -6.865653092561901, 56.839505152799681, 39.4257265619446, -1.125444452076243, 2.576054260144477, -123.556205348457453, 522.509602286294921, -81.269281581145549, -35.475321271520507, -27.738695161264125, -1.08088215403992, -52.469846955567775, 11.265217174474014, -26.330384487620336, -10.163524492775508, -10.435978590312983, -0.363896144099898, 52.277527310639108, 60.941869366429238, -81.269281581145464, 96.577100692535325, -104.468774179902596, 16.741365717532354, 42.517262983571364, 4.573124027693034, 33.899875081735352, 1.097238813848331, 37.161225703178033, -34.063535213194349, -0.804345856659346, -18.298756621258367, 2.600343776774768, -35.475321271520492, -104.468774179902681, 426.675138798869455, -55.55091309951581, -9.007318302801373, -31.33615543359781, 3.704227279900068, -49.208818882733262, -31.345813981105323, -93.437824619550483, 0.235841944025697, 60.656083319710326, -101.9092997497998, -27.738695161264182, 16.741365717532393, -55.550913099515803, 138.270556010616787, 26.74483328135031, 64.116416123421118, 23.459899066199441, -13.129659650862749, -42.145616780895196, -59.565042030238729, -0.170162956766498, 63.280158602760778, 14.935072450241815, -1.080882154039795, 42.517262983571307, -9.007318302801284, 26.744833281350274, 60.477233771235788, 13.707046653695134, 36.098514691363782, -44.684487407816647, 4.279764298520962, -44.739472130527652, 0.445209489028601, 30.931236029042921, -32.773758200579493, -52.469846955567739, 4.573124027693044, -31.336155433597785, 64.116416123421061, 13.707046653695144, 83.359901754303323, 12.655823887120484, -45.49060853151164, -27.940621945600626, 12.295991137451228, -0.369486014177948, 51.935106740255556, 12.829229786384609, 11.265217174474108, 33.899875081735317, 3.70422727990014, 23.459899066199426, 36.098514691363789, 12.65582388712048, 60.303912099023499, -74.698982456880913, 19.67473818901771, -20.34047773391865, -1.146399530979808, -40.400033457482152, -6.865653092561816, -26.330384487620524, 1.097238813848413, -49.208818882733311, -13.129659650862692, -44.684487407816576, -45.490608531511604, -74.698982456880842, 447.327614041045251, -104.534055111656258, -100.176827804856615, 0.531840604268451, 9.860497460664483, 56.839505152799646, -10.163524492775464, 37.161225703178019, -31.345813981105259, -42.145616780895168, 4.279764298520966, -27.940621945600629, 19.674738189017717, -104.534055111656286, 138.532690292771946, -97.401933527420297, 0.89250854350145, -105.231095572906199, 39.425726561944629, -10.43597859031293, -34.063535213194321, -93.437824619550668, -59.565042030238814, -44.73947213052768, 12.295991137451166, -20.340477733918675, -100.176827804856458, -97.401933527420226, 637.529123933810752 ],
					"inverse_covariance_input" : [  ],
					"mean" : [ 5.899824005941079, 0.279895840042286, 0.147544238297341, 0.11431459021545, 0.297164770031286, 0.138828244387187, 0.285898723349954, 0.442174665980516, 0.195171930683692, 0.175112808606785, 0.072465342742568, 0.115562402164677, 0.057078806307702 ],
					"output_covariance" : [  ]
				}
, 				{
					"bimodal" : 0,
					"covariance" : [ 8.7914308978871, -0.012354260855743, -0.122250246131331, -0.118509436121424, -0.074494005749849, -0.359847690745777, -0.186830151256413, -0.275483189389426, -0.161884370306212, -0.094580343718987, -0.100860368491912, -0.110257527202795, -0.054466623959079, -0.012354260855743, 0.097106959229061, 0.042016879608605, 0.014121849475651, 0.009075524901391, -0.001626267339942, -0.052256754245558, -0.012384595055992, 0.009351605013025, 0.008977119879736, 0.012420580383058, 0.017847593940343, 0.031846773185818, -0.122250246131331, 0.042016879608605, 0.026097769023148, 0.010772986556122, 0.005623540363852, 0.003618897139355, -0.017439468621943, -0.001933244452709, 0.007493738976626, 0.006224803629653, 0.009339243481123, 0.013004788733445, 0.016134514512486, -0.118509436121424, 0.014121849475651, 0.010772986556122, 0.009911655863024, 0.00780001603578, 0.007452882957669, -0.003345605988878, 0.002883682655427, 0.004796932162144, 0.003978423979204, 0.005228691614371, 0.006956331323104, 0.00646966929127, -0.074494005749849, 0.009075524901391, 0.005623540363852, 0.00780001603578, 0.020963976188406, 0.010685035953066, -0.007646205797597, 0.003134492176529, 0.003463576935251, 0.002826934820325, 0.002683857439405, 0.003565985116592, 0.004434232127452, -0.359847690745777, -0.001626267339942, 0.003618897139355, 0.007452882957669, 0.010685035953066, 0.0278104256506, 0.011425550609035, 0.017739742997538, 0.008944179073832, 0.005972136189721, 0.004942946350035, 0.005386036941854, 0.001221216451037, -0.186830151256413, -0.052256754245558, -0.017439468621943, -0.003345605988878, -0.007646205797597, 0.011425550609035, 0.049489644466136, 0.016915421493015, 0.001542659581869, 0.000406384279474, -0.000554020612355, -0.002846233630239, -0.015871308319877, -0.275483189389426, -0.012384595055992, -0.001933244452709, 0.002883682655427, 0.003134492176529, 0.017739742997538, 0.016915421493015, 0.017345787883226, 0.006421503421726, 0.004220655395779, 0.003067432059376, 0.00258723376837, -0.002317699088251, -0.161884370306212, 0.009351605013025, 0.007493738976626, 0.004796932162144, 0.003463576935251, 0.008944179073832, 0.001542659581869, 0.006421503421726, 0.009299350616439, 0.004854522175672, 0.005525773965555, 0.006250485691243, 0.004718519396384, -0.094580343718987, 0.008977119879736, 0.006224803629653, 0.003978423979204, 0.002826934820325, 0.005972136189721, 0.000406384279474, 0.004220655395779, 0.004854522175672, 0.007936516854065, 0.004768340934015, 0.005380298948281, 0.004420950072536, -0.100860368491912, 0.012420580383058, 0.009339243481123, 0.005228691614371, 0.002683857439405, 0.004942946350035, -0.000554020612355, 0.003067432059376, 0.005525773965555, 0.004768340934015, 0.008099542221898, 0.007517785170945, 0.005921374660823, -0.110257527202795, 0.017847593940343, 0.013004788733445, 0.006956331323104, 0.003565985116592, 0.005386036941854, -0.002846233630239, 0.00258723376837, 0.006250485691243, 0.005380298948281, 0.007517785170945, 0.011857818307188, 0.008267087131133, -0.054466623959079, 0.031846773185818, 0.016134514512486, 0.00646966929127, 0.004434232127452, 0.001221216451037, -0.015871308319877, -0.002317699088251, 0.004718519396384, 0.004420950072536, 0.005921374660823, 0.008267087131133, 0.01417994841838 ],
					"covariance_determinant" : 0.0,
					"covariance_determinant_input" : 0,
					"covariance_mode" : 0,
					"dimension" : 13,
					"dimension_input" : 0,
					"inverse_covariance" : [ 0.341688394488218, -1.140033805175051, 2.594018975534701, 0.553335534806664, -1.340885364000191, 2.732247236419675, -0.428593300302243, 2.703888619387904, 1.198769206031314, -0.68426115809779, -0.041707691857972, -0.931940348292614, 1.190239847679275, -1.14003380517505, 96.398830759187007, -78.99254045508161, 9.011485264896841, 25.208235485645478, -33.241589451106414, 55.664147503812707, 15.4564770222017, -14.964264861437567, -15.77087635125236, -6.860172526459126, 10.371009976747734, -68.587215104351856, 2.5940189755347, -78.992540455081652, 300.68054803987269, -110.070796775760812, 12.424723272958776, 22.15350911390297, -14.180005805609003, 37.015087703040251, -10.839183831948462, 18.68076213642199, -34.801277728239427, -89.256326616950105, -55.794446061498029, 0.553335534806666, 9.011485264896812, -110.070796775760755, 322.470571298943185, -79.941415297718436, -30.236585901659065, -24.005702529261168, 21.58815625028701, 13.930902181055076, -5.347454389725383, -19.408938081007157, -35.131640529571328, -10.118430119697875, -1.34088536400019, 25.208235485645492, 12.424723272958762, -79.941415297718379, 106.288544624782986, -58.844342795089851, 40.91480656016013, 13.660189884077191, -5.97745876329202, -3.990790821413674, -5.131318624150935, 4.341910333739442, -16.726728298950803, 2.732247236419673, -33.241589451106407, 22.153509113902921, -30.23658590165908, -58.844342795089851, 189.364436199113328, -12.296058524580555, -135.868668045198035, -12.154178416715633, -3.935509022817738, 19.190936212433989, -4.376283534348901, 39.67195921636727, -0.428593300302244, 55.664147503812742, -14.180005805609017, -24.005702529261143, 40.914806560160109, -12.296058524580538, 100.830418319881488, -40.637739711221329, -6.041874868977837, -11.297820813384631, -29.783823997798066, -22.85478663666866, 26.199210853377664, 2.703888619387909, 15.456477022201696, 37.015087703040351, 21.588156250286922, 13.660189884077241, -135.868668045198035, -40.637739711221265, 315.933236672799808, -54.99709791910675, -38.274244487253753, -9.783658369215569, -0.185690764548212, -28.28346190699617, 1.198769206031313, -14.964264861437597, -10.839183831948448, 13.930902181055094, -5.97745876329205, -12.154178416715594, -6.041874868977867, -54.997097919106771, 277.816053285330895, -32.568751931862501, -67.547516240185971, -29.888715452937031, -5.305139527409379, -0.684261158097791, -15.770876351252351, 18.680762136421997, -5.347454389725352, -3.990790821413665, -3.935509022817762, -11.297820813384606, -38.274244487253725, -32.568751931862501, 236.45499256899609, -58.546309522834783, -25.655029200738323, -26.816476294130624, -0.041707691857973, -6.860172526459143, -34.801277728239441, -19.408938081007157, -5.131318624150936, 19.190936212433964, -29.783823997798109, -9.783658369215521, -67.547516240186013, -58.546309522834733, 385.224934000323856, -119.659626946340836, -21.654724064509175, -0.931940348292613, 10.371009976747713, -89.256326616950105, -35.131640529571278, 4.341910333739423, -4.376283534348883, -22.854786636668674, -0.185690764548241, -29.888715452936989, -25.655029200738277, -119.659626946340779, 311.690321396333218, -49.682206012577403, 1.190239847679273, -68.587215104351742, -55.794446061498171, -10.118430119697928, -16.72672829895075, 39.671959216367249, 26.199210853377785, -28.283461906996198, -5.305139527409434, -26.816476294130659, -21.654724064509107, -49.682206012577431, 371.885269452921818 ],
					"inverse_covariance_input" : [  ],
					"mean" : [ 3.868772194691628, 0.403231049023067, 0.208561900231163, 0.12673769638483, 0.184136032059243, 0.346768952855549, 0.842018387739884, 0.337910648730056, 0.128442236807429, 0.093929278520492, 0.097354838474093, 0.114801587435394, 0.147129581202581 ],
					"output_covariance" : [  ]
				}
, 				{
					"bimodal" : 0,
					"covariance" : [ 11.211555401786606, 0.614394704433832, 0.498959360969094, 0.311215388826119, 0.139112782162198, -0.107416715729551, -0.401942280284645, -0.148409298391977, -0.023874816663656, -0.106027474798448, 0.099925813862509, 0.252299172235021, 0.224776960307996, 0.614394704433832, 0.099324359668063, 0.069749338745151, 0.028817867943565, 0.006949674152192, -0.030340980344453, -0.083465778473853, -0.029803476305379, 0.017676729371752, -0.019265625748086, 0.009117817375138, 0.046816190606549, 0.045263810702916, 0.498959360969094, 0.069749338745151, 0.055222041184819, 0.025287033945161, 0.007234316647538, -0.021241566023794, -0.05971438558401, -0.019207463129669, 0.01670008519481, -0.011325106720316, 0.00939832474642, 0.035788561020481, 0.033254303899403, 0.311215388826119, 0.028817867943565, 0.025287033945161, 0.020454554935628, 0.008012688572832, -0.007525625678799, -0.023970281332242, -0.005916398310677, 0.012838654096102, -0.001592858246941, 0.007981649125413, 0.015909780193845, 0.012145639591732, 0.139112782162198, 0.006949674152192, 0.007234316647538, 0.008012688572832, 0.00718622539463, 0.000183688256024, -0.005082804263446, -0.001572687763092, 0.002835930353817, 0.000329061581796, 0.003825912404166, 0.004269143571698, 0.000977933867741, -0.107416715729551, -0.030340980344453, -0.021241566023794, -0.007525625678799, 0.000183688256024, 0.016452263408281, 0.031718315905758, 0.010853867670678, -0.010263675245746, 0.00549541358405, -0.002981972250096, -0.015553956923234, -0.015642688455745, -0.401942280284645, -0.083465778473853, -0.05971438558401, -0.023970281332242, -0.005082804263446, 0.031718315905758, 0.08624160777818, 0.03008377599339, -0.020302459973209, 0.01539692513921, -0.009623127182106, -0.043565698721119, -0.039593968428115, -0.148409298391977, -0.029803476305379, -0.019207463129669, -0.005916398310677, -0.001572687763092, 0.010853867670678, 0.03008377599339, 0.019164749261833, 0.003860619284495, 0.011974068405087, 0.002568938979091, -0.011975244023385, -0.010301730916806, -0.023874816663656, 0.017676729371752, 0.01670008519481, 0.012838654096102, 0.002835930353817, -0.010263675245746, -0.020302459973209, 0.003860619284495, 0.035136523878749, 0.009227735620567, 0.01430717548194, 0.01630381084758, 0.014141170507757, -0.106027474798448, -0.019265625748086, -0.011325106720316, -0.001592858246941, 0.000329061581796, 0.00549541358405, 0.01539692513921, 0.011974068405087, 0.009227735620567, 0.01827846679176, 0.008392369331451, -0.004357165330235, -0.006147237947353, 0.099925813862509, 0.009117817375138, 0.00939832474642, 0.007981649125413, 0.003825912404166, -0.002981972250096, -0.009623127182106, 0.002568938979091, 0.01430717548194, 0.008392369331451, 0.015460339431682, 0.010868828787837, 0.006446137054203, 0.252299172235021, 0.046816190606549, 0.035788561020481, 0.015909780193845, 0.004269143571698, -0.015553956923234, -0.043565698721119, -0.011975244023385, 0.01630381084758, -0.004357165330235, 0.010868828787837, 0.029972182358223, 0.024620939722901, 0.224776960307996, 0.045263810702916, 0.033254303899403, 0.012145639591732, 0.000977933867741, -0.015642688455745, -0.039593968428115, -0.010301730916806, 0.014141170507757, -0.006147237947353, 0.006446137054203, 0.024620939722901, 0.027407693819352 ],
					"covariance_determinant" : 0.0,
					"covariance_determinant_input" : 0,
					"covariance_mode" : 0,
					"dimension" : 13,
					"dimension_input" : 0,
					"inverse_covariance" : [ 0.335611874005392, -1.760306504974605, -2.385989131515621, -3.520840070728948, -1.031690387723609, 1.190217976750368, -0.657704660017109, -2.047437634336277, 3.787224046647572, -0.343812171255877, -2.478316763763438, 2.475819076902058, -0.06601169493306, -1.760306504974602, 170.922672208641131, -94.404533449997999, 14.16442807921508, -0.776308602871424, -3.83191630160808, 34.683214264503306, 43.082361270409251, -6.773377171493747, 28.075003260395633, 7.452677066674513, -16.59433180491202, -72.491803928503259, -2.385989131515622, -94.404533449997871, 320.221808915114252, -103.477191696116762, -14.549919680485395, -2.574279329462295, 14.903919086005988, 0.253773627398868, -6.355780784576139, 6.170438658222221, 35.61871550276647, -86.00923927579062, -72.972868216014604, -3.520840070728947, 14.164428079215044, -103.47719169611679, 276.683955647336745, -128.136479779637682, -14.367313838875528, -1.597146276743405, 14.149336263891929, -85.472942271659775, 5.357118871196509, 16.859333991205872, -3.355043886628781, 52.155525938268944, -1.031690387723613, -0.776308602871367, -14.549919680485328, -128.136479779637739, 358.964612241216059, -85.984818071599321, 9.069642507004062, 33.098973074371784, -8.4053260125701, 7.082158070267909, -37.4327684039282, -23.956379656681875, 84.089911309840176, 1.190217976750372, -3.831916301608159, -2.574279329462222, -14.36731383887558, -85.984818071599321, 287.996173837501146, -78.802766384077444, -61.977913072797314, 69.831343193271664, -5.239520481911488, -12.374740984977201, -26.305961678343628, 25.696753909778572, -0.657704660017114, 34.683214264503562, 14.903919086005725, -1.597146276743242, 9.06964250700408, -78.802766384077614, 149.119094023418455, -95.755842039454492, 15.265548454749084, 6.855301409364288, 7.800249043332114, 53.455151966552208, 8.676445512508224, -2.047437634336271, 43.08236127040896, 0.253773627399106, 14.149336263891797, 33.098973074371727, -61.977913072797087, -95.755842039454677, 291.99250689342648, -87.271311808801741, -38.554113756916635, -9.643097937783693, -0.351350505539909, -87.107426834417794, 3.78722404664757, -6.77337717149371, -6.355780784576212, -85.472942271659718, -8.405326012570095, 69.831343193271593, 15.265548454749204, -87.271311808801826, 135.835741043202432, -25.114129207710139, -45.177535604717733, 13.161598570939372, -21.795069811643927, -0.343812171255877, 28.075003260395697, 6.170438658222116, 5.357118871196529, 7.082158070267877, -5.239520481911486, 6.855301409364233, -38.554113756916543, -25.114129207710143, 157.460486146910682, -77.300728341474056, -0.152403202898214, 5.354051920025361, -2.478316763763438, 7.452677066674542, 35.618715502766548, 16.859333991205858, -37.432768403928208, -12.37474098497716, 7.800249043332085, -9.643097937783672, -45.177535604717725, -77.300728341474041, 217.488665592557538, -117.540011248600592, 19.654509486223759, 2.475819076902059, -16.594331804912041, -86.00923927579079, -3.355043886628737, -23.956379656681762, -26.305961678343795, 53.455151966552265, -0.351350505539902, 13.161598570939308, -0.152403202898232, -117.540011248600564, 320.945754446428964, -91.616913213822443, -0.066011694933068, -72.491803928503089, -72.972868216014504, 52.155525938268937, 84.089911309840247, 25.696753909778476, 8.676445512508321, -87.107426834417808, -21.79506981164398, 5.354051920025431, 19.654509486223823, -91.616913213822613, 303.758565586782595 ],
					"inverse_covariance_input" : [  ],
					"mean" : [ 3.673458859469057, 0.652148607532287, 0.459585910140771, 0.260553816472317, 0.209163205811165, 0.38780327058551, 0.591426988049064, 0.41614765299069, 0.404597819066303, 0.362393962973893, 0.330077462395282, 0.345283458790964, 0.308721201220064 ],
					"output_covariance" : [  ]
				}
, 				{
					"bimodal" : 0,
					"covariance" : [ 9.221036566549943, -0.123780739900495, -0.110075537966377, -0.093957994958641, -0.093251905047601, -0.253195850106165, -0.432668265483996, -0.249275840145395, -0.15669191882421, 0.179632338608681, -0.034599455863178, -0.043543083905382, -0.049859317129681, -0.123780739900495, 0.013460923582813, 0.008101394471041, 0.004991465391838, 0.003530246042645, 0.007001739633036, 0.009353278333114, 0.008174463500833, 0.007689069762858, -0.003575854621186, 0.003996784888339, 0.005805775973759, 0.005119065558671, -0.110075537966377, 0.008101394471041, 0.008888752642856, 0.004818319496307, 0.00336111313129, 0.006617063441204, 0.008920726731632, 0.007506797829317, 0.006803465822011, -0.003451366266262, 0.003111997609413, 0.004290233762524, 0.003646206678699, -0.093957994958641, 0.004991465391838, 0.004818319496307, 0.006051019758672, 0.003586490642972, 0.007609543859073, 0.010867388590313, 0.008034260864485, 0.005642055990815, -0.004336095014995, 0.001675487451987, 0.002524956025347, 0.00210262481863, -0.093251905047601, 0.003530246042645, 0.00336111313129, 0.003586490642972, 0.005784660895226, 0.008667764080822, 0.012662703695396, 0.008494386047097, 0.00487239376936, -0.005189171895247, 0.001065492250632, 0.001417532361743, 0.001405966489291, -0.253195850106165, 0.007001739633036, 0.006617063441204, 0.007609543859073, 0.008667764080822, 0.026607808188116, 0.039864757409572, 0.024836637679779, 0.011452581529228, -0.016992699736507, 0.00016108842884, 0.001947142056053, 0.002728964896643, -0.432668265483996, 0.009353278333114, 0.008920726731632, 0.010867388590313, 0.012662703695396, 0.039864757409572, 0.077124828385491, 0.041534151031838, 0.016846235228026, -0.032098298942943, -0.002553654065504, 0.000969930691844, 0.003337195980427, -0.249275840145395, 0.008174463500833, 0.007506797829317, 0.008034260864485, 0.008494386047097, 0.024836637679779, 0.041534151031838, 0.028906661313233, 0.014016841672825, -0.017214143828544, 0.00102528147917, 0.002786965289937, 0.003572064097081, -0.15669191882421, 0.007689069762858, 0.006803465822011, 0.005642055990815, 0.00487239376936, 0.011452581529228, 0.016846235228026, 0.014016841672825, 0.015888401708484, -0.005515855265242, 0.005123000397448, 0.004359784617655, 0.003687797810323, 0.179632338608681, -0.003575854621186, -0.003451366266262, -0.004336095014995, -0.005189171895247, -0.016992699736507, -0.032098298942943, -0.017214143828544, -0.005515855265242, 0.020232627622993, 0.002732974594483, 0.00019512438478, -0.001090005887901, -0.034599455863178, 0.003996784888339, 0.003111997609413, 0.001675487451987, 0.001065492250632, 0.00016108842884, -0.002553654065504, 0.00102528147917, 0.005123000397448, 0.002732974594483, 0.006880135310017, 0.003058332976958, 0.002182285982657, -0.043543083905382, 0.005805775973759, 0.004290233762524, 0.002524956025347, 0.001417532361743, 0.001947142056053, 0.000969930691844, 0.002786965289937, 0.004359784617655, 0.00019512438478, 0.003058332976958, 0.006388416363313, 0.002854600540055, -0.049859317129681, 0.005119065558671, 0.003646206678699, 0.00210262481863, 0.001405966489291, 0.002728964896643, 0.003337195980427, 0.003572064097081, 0.003687797810323, -0.001090005887901, 0.002182285982657, 0.002854600540055, 0.0041989633748 ],
					"covariance_determinant" : 0.0,
					"covariance_determinant_input" : 0,
					"covariance_mode" : 0,
					"dimension" : 13,
					"dimension_input" : 0,
					"inverse_covariance" : [ 0.164460805669651, 0.366908462820162, 0.584586889838842, 0.075891298980363, 0.084183042395905, 0.582263570027116, 0.77396762761257, -0.828351129648274, 0.42062227973921, -0.198912492157634, 0.530177868002742, -0.140951242229114, 0.042072237984074, 0.366908462820162, 228.892780874785302, -100.173845096187534, -16.096006221561808, -4.828983135482913, 0.419958911097484, -2.850438743379444, 1.859699467053735, -0.553295565648968, 9.308146100164421, -17.084246196669071, -70.296112467734105, -118.047157398192468, 0.584586889838842, -100.173845096187478, 337.928813273523417, -113.170905006468757, -19.081934590699504, 2.263671880322198, 4.788181450497872, -0.318441973556565, -20.36165105887213, 8.6800253331441, -13.03626237920127, -41.476406929394344, -51.215242360665535, 0.075891298980363, -16.096006221561801, -113.170905006468729, 405.511100022460312, -84.033014799328768, -37.131013569999475, 6.191644420204276, -20.588058172171035, -21.377972666367683, -1.894236888319809, 4.899673184708566, -24.682209873799732, 13.117867901274479, 0.084183042395905, -4.828983135482931, -19.081934590699483, -84.033014799328811, 387.347411731873137, -92.335181641517835, 1.469797966231168, -6.28670608735055, -2.403555342364049, -0.180738136164982, -28.698416020800551, 5.011446682181077, 13.600157982646952, 0.582263570027116, 0.419958911097509, 2.26367188032216, -37.131013569999404, -92.335181641517835, 272.77364370320231, -51.68550706554344, -113.085637202725906, 6.895749942471539, 16.97606075944978, 0.428811361955836, 0.642295022897929, 11.638376242617685, 0.773967627612571, -2.850438743379479, 4.788181450497877, 6.191644420204278, 1.469797966231176, -51.685507065543412, 103.839116909238641, -74.590377231742096, 1.3603849694716, 50.885173254328407, 20.472200941717528, 18.419921888705989, 8.284389025586632, -0.828351129648273, 1.859699467053735, -0.318441973556526, -20.588058172171088, -6.286706087350578, -113.085637202725934, -74.590377231741968, 289.678977277006766, -82.321455997777207, 9.840970164679115, 5.175196613646382, -9.325949596190583, -34.55965140959411, 0.42062227973921, -0.553295565648949, -20.361651058872141, -21.377972666367665, -2.403555342364044, 6.895749942471546, 1.360384969471608, -82.321455997777207, 181.266427714720265, -12.944349368994539, -90.559847181334362, -18.817893147109324, -3.372893062514232, -0.198912492157633, 9.308146100164404, 8.680025333144112, -1.894236888319797, -0.180738136164983, 16.976060759449759, 50.885173254328492, 9.840970164678984, -12.944349368994557, 159.645927902625147, -43.388162923806313, -7.481211616677609, 0.362021056671264, 0.530177868002742, -17.084246196669099, -13.036262379201283, 4.899673184708557, -28.698416020800543, 0.428811361955867, 20.472200941717453, 5.175196613646403, -90.559847181334334, -43.388162923806384, 282.677817360382562, -30.511694964092051, -33.250766281947342, -0.140951242229114, -70.296112467734176, -41.47640692939428, -24.682209873799735, 5.011446682181075, 0.642295022897929, 18.419921888705982, -9.325949596190572, -18.817893147109359, -7.481211616677629, -30.51169496409203, 310.067544878860986, -56.751337603433711, 0.042072237984074, -118.047157398192496, -51.215242360665471, 13.11786790127446, 13.600157982646955, 11.638376242617698, 8.284389025586602, -34.559651409594089, -3.372893062514235, 0.36202105667125, -33.250766281947357, -56.751337603433697, 490.089304852275689 ],
					"inverse_covariance_input" : [  ],
					"mean" : [ 6.818029629094742, 0.187997665205591, 0.148332750970873, 0.117852666997551, 0.117123234141357, 0.254548191062085, 0.440835298217997, 0.257420155672066, 0.248185778164339, 0.850772599475407, 0.253341782885518, 0.115792835469178, 0.081114783547755 ],
					"output_covariance" : [  ]
				}
, 				{
					"bimodal" : 0,
					"covariance" : [ 9.204057962186432, -0.035860963030023, -0.047650774129771, -0.039573619331422, 0.054092564927285, -0.062565063533632, -0.052924277353293, 0.008159494031652, -0.007234842061072, -0.118051060224217, -0.032407155606757, 0.091480579805072, 0.023903131314155, -0.035860963030023, 0.015484569484287, 0.014645593984783, 0.002034251516431, -0.016820748831769, 0.005468579409806, 0.016248150820352, 0.006732166931626, 0.004879945592761, 0.005278887858456, 0.013079888698268, 0.020857689985696, 0.009362826657177, -0.047650774129771, 0.014645593984783, 0.026573292872587, 0.010354638806491, -0.015787884943817, 0.013600634414676, 0.015710199008935, 0.001313044333357, 0.002868430430637, 0.006227039861331, 0.016110497437888, 0.030450496149778, 0.011793366355069, -0.039573619331422, 0.002034251516431, 0.010354638806491, 0.016928995211842, 0.008681466763918, 0.014886090744138, -0.002360980765712, -0.013528767827985, -0.004470204167485, -0.000698655649445, -0.000501112118383, 0.002856577271973, 0.000237990148904, 0.054092564927285, -0.016820748831769, -0.015787884943817, 0.008681466763918, 0.040222976205838, 0.002004981429009, -0.029278842847052, -0.019102608855493, -0.01160355416629, -0.009968218363836, -0.023278820188454, -0.036761003648587, -0.016319056105363, -0.062565063533632, 0.005468579409806, 0.013600634414676, 0.014886090744138, 0.002004981429009, 0.02142014985034, 0.007412468055085, -0.011296378740046, -0.002861800249077, 0.002471137137579, 0.003192509995454, 0.006531279334073, 0.002491949682917, -0.052924277353293, 0.016248150820352, 0.015710199008935, -0.002360980765712, -0.029278842847052, 0.007412468055085, 0.038147787258123, 0.017177296968211, 0.013217864326966, 0.010457919186105, 0.017659574552299, 0.023307764262221, 0.010933757245372, 0.008159494031652, 0.006732166931626, 0.001313044333357, -0.013528767827985, -0.019102608855493, -0.011296378740046, 0.017177296968211, 0.046032160625882, 0.01564933063483, 0.005709040786379, 0.005175940334888, 0.000338927908201, 0.001039957528558, -0.007234842061072, 0.004879945592761, 0.002868430430637, -0.004470204167485, -0.01160355416629, -0.002861800249077, 0.013217864326966, 0.01564933063483, 0.013077108242973, 0.005307022614643, 0.007186015110338, 0.007356314363093, 0.002781580667581, -0.118051060224217, 0.005278887858456, 0.006227039861331, -0.000698655649445, -0.009968218363836, 0.002471137137579, 0.010457919186105, 0.005709040786379, 0.005307022614643, 0.023098237045641, 0.010304878952975, 0.008105335567313, 0.003251793245076, -0.032407155606757, 0.013079888698268, 0.016110497437888, -0.000501112118383, -0.023278820188454, 0.003192509995454, 0.017659574552299, 0.005175940334888, 0.007186015110338, 0.010304878952975, 0.025354249230172, 0.038466199670611, 0.01572834603826, 0.091480579805072, 0.020857689985696, 0.030450496149778, 0.002856577271973, -0.036761003648587, 0.006531279334073, 0.023307764262221, 0.000338927908201, 0.007356314363093, 0.008105335567313, 0.038466199670611, 0.077890807769108, 0.029799616461435, 0.023903131314155, 0.009362826657177, 0.011793366355069, 0.000237990148904, -0.016319056105363, 0.002491949682917, 0.010933757245372, 0.001039957528558, 0.002781580667581, 0.003251793245076, 0.01572834603826, 0.029799616461435, 0.013949551768099 ],
					"covariance_determinant" : 0.0,
					"covariance_determinant_input" : 0,
					"covariance_mode" : 0,
					"dimension" : 13,
					"dimension_input" : 0,
					"inverse_covariance" : [ 0.140523048589688, -0.024394412957487, 0.318067316743421, 0.600584230251285, -1.158833491609245, 0.117298803574402, -0.512222638736319, -0.293695570132723, 0.00116170922733, 0.34259918687581, 1.347106172667557, -1.308127647421472, -0.261321894053438, -0.024394412957487, 216.219511790692422, -74.225378606861639, -17.70729415339861, 26.028276377450691, 12.001838958189246, -33.204990259495744, -7.717694250190844, 8.343675666041696, 6.649875546434965, -30.865408107643205, 27.900905379041767, -55.137129908534831, 0.318067316743421, -74.225378606861696, 207.127140349360275, -106.311326939892695, 31.248159734942487, -42.805180138707577, 4.113778718366558, -34.52983583339789, 27.143759289668321, -9.397386716728459, 7.132522591339002, -56.52715782874531, 29.021098998488913, 0.600584230251286, -17.707294153398575, -106.311326939892695, 300.813706335180711, -74.619539631830179, -130.858566008132215, 30.96993114233263, 28.993552495118241, -39.145239395250258, 6.45602662899154, 24.142760378746527, -10.805280483432599, 7.41059277473344, -1.158833491609246, 26.028276377450691, 31.248159734942426, -74.619539631830108, 161.666549301406263, -26.647900777076231, 69.421046761655617, 12.028702716809921, -15.472066391977698, 3.887386661715892, -0.887744476866363, 29.69063947806351, 37.702762599930217, 0.117298803574401, 12.001838958189239, -42.805180138707577, -130.858566008132215, -26.64790077707622, 205.087411690712912, -79.733632030176722, 18.246853900236093, 39.877081940884118, -6.576455086518775, -7.802610898880427, 16.762828820767666, -9.941420044947211, -0.51222263873632, -33.204990259495752, 4.113778718366521, 30.969931142332683, 69.421046761655603, -79.733632030176722, 123.909271327266183, 0.398376701836292, -65.736710038039249, -0.710450874011316, -8.971664521244374, 22.997169941756034, -8.273726471884499, -0.293695570132723, -7.717694250190839, -34.529835833397911, 28.993552495118276, 12.028702716809894, 18.246853900236101, 0.398376701836269, 57.615357533711787, -49.161425490939301, 1.271866332684346, 4.248007515905167, 20.278647108450262, 1.982618634745763, 0.001161709227331, 8.343675666041705, 27.143759289668363, -39.1452393952503, -15.472066391977675, 39.877081940884104, -65.736710038039249, -49.16142549093933, 200.779417352195793, -6.525757574074195, -44.843807379316843, -20.339534832619727, 57.581138699976051, 0.34259918687581, 6.649875546434981, -9.397386716728464, 6.456026628991527, 3.887386661715888, -6.576455086518767, -0.710450874011326, 1.271866332684346, -6.525757574074182, 66.91451715465746, -58.823016101716092, 17.591238169157055, 23.416362635247577, 1.347106172667559, -30.865408107643216, 7.132522591338989, 24.142760378746591, -0.887744476866385, -7.802610898880437, -8.971664521244353, 4.248007515905178, -44.843807379316885, -58.823016101716071, 293.732532992287474, -98.711428950004233, -78.62540870855571, -1.308127647421474, 27.900905379041745, -56.527157828745274, -10.805280483432627, 29.690639478063499, 16.762828820767655, 22.997169941756031, 20.278647108450247, -20.339534832619691, 17.591238169157037, -98.711428950004233, 134.612428109745309, -132.619853405960157, -0.261321894053438, -55.137129908534732, 29.021098998488764, 7.410592774733522, 37.70276259993021, -9.941420044947172, -8.27372647188454, 1.982618634745808, 57.58113869997603, 23.416362635247591, -78.625408708555682, -132.6198534059601, 491.719774166972741 ],
					"inverse_covariance_input" : [  ],
					"mean" : [ 4.979520123044013, 0.281962170401329, 0.426421753200561, 0.55916700028465, 0.714429062389468, 0.667897248204924, 0.493984535234866, 0.406743480544572, 0.273428522884287, 0.209179985382268, 0.314199542007174, 0.522165384352887, 0.214093254779505 ],
					"output_covariance" : [  ]
				}
, 				{
					"bimodal" : 0,
					"covariance" : [ 11.460889335140228, -0.13533940492527, -0.27263329545067, -0.216888998137146, -0.088315320936063, 0.113937840520587, 0.190557651701021, 0.011306568914369, -0.050464462622535, -0.197455410686907, -0.4945412528848, -0.027839616977597, 0.001688153423826, -0.13533940492527, 0.032881715228119, 0.044906679250586, 0.038384545184481, 0.01874732831758, 0.007688837126827, -0.019908144080962, -0.012966528483051, -0.007747122730915, -0.015690747054358, 0.008344358707605, 0.012735693894983, 0.006768755752753, -0.27263329545067, 0.044906679250586, 0.07882915207149, 0.069914123286016, 0.03610498621436, 0.011819416644298, -0.043846932861881, -0.030344965111618, -0.018146014290891, -0.030048197927459, 0.021398294856063, 0.030544214622354, 0.011997152599075, -0.216888998137146, 0.038384545184481, 0.069914123286016, 0.068586205745035, 0.036132428818358, 0.009679019285473, -0.047259788266207, -0.033179947568177, -0.019068830515396, -0.028654651687332, 0.021088268043265, 0.032756512152654, 0.012383331063609, -0.088315320936063, 0.01874732831758, 0.03610498621436, 0.036132428818358, 0.022896267989451, 0.005477137935168, -0.028343783684942, -0.019731321044791, -0.010003799240324, -0.015567425007422, 0.011880573016497, 0.020202865263587, 0.007585976328074, 0.113937840520587, 0.007688837126827, 0.011819416644298, 0.009679019285473, 0.005477137935168, 0.009273510217362, -0.000629439340574, -0.002243508242046, 0.000171249590146, -0.006293586797977, -0.00296763672121, 0.00115412618584, 0.000873723787448, 0.190557651701021, -0.019908144080962, -0.043846932861881, -0.047259788266207, -0.028343783684942, -0.000629439340574, 0.06240789381139, 0.037474459114684, 0.018558737143062, 0.025181925196905, -0.021273340576977, -0.044062599873738, -0.013948278484232, 0.011306568914369, -0.012966528483051, -0.030344965111618, -0.033179947568177, -0.019731321044791, -0.002243508242046, 0.037474459114684, 0.028505061338907, 0.01719730910683, 0.023514461897048, -0.008193393547658, -0.030554785657958, -0.009315256653004, -0.050464462622535, -0.007747122730915, -0.018146014290891, -0.019068830515396, -0.010003799240324, 0.000171249590146, 0.018558737143062, 0.01719730910683, 0.027271130896018, 0.032630055425888, 0.007127010105003, -0.025742419809065, -0.008139313436975, -0.197455410686907, -0.015690747054358, -0.030048197927459, -0.028654651687332, -0.015567425007422, -0.006293586797977, 0.025181925196905, 0.023514461897048, 0.032630055425888, 0.054769361523226, 0.014815923605896, -0.03817435054973, -0.013504655372219, -0.4945412528848, 0.008344358707605, 0.021398294856063, 0.021088268043265, 0.011880573016497, -0.00296763672121, -0.021273340576977, -0.008193393547658, 0.007127010105003, 0.014815923605896, 0.038186977841962, 0.006176057963313, 0.001062238869801, -0.027839616977597, 0.012735693894983, 0.030544214622354, 0.032756512152654, 0.020202865263587, 0.00115412618584, -0.044062599873738, -0.030554785657958, -0.025742419809065, -0.03817435054973, 0.006176057963313, 0.05074969838687, 0.015478124569112, 0.001688153423826, 0.006768755752753, 0.011997152599075, 0.012383331063609, 0.007585976328074, 0.000873723787448, -0.013948278484232, -0.009315256653004, -0.008139313436975, -0.013504655372219, 0.001062238869801, 0.015478124569112, 0.008199939238199 ],
					"covariance_determinant" : 0.0,
					"covariance_determinant_input" : 0,
					"covariance_mode" : 0,
					"dimension" : 13,
					"dimension_input" : 0,
